0000: 4944 3303 0000 0000 003c 5400 5900 4500
0010: 5200 0000 0005 0000 0000 0000 3200 3000
0020: 3200 3000 5400 4500 4e00 4300 0000 0015
0030: 0000 0000 0000 4c00 4100 4d00 4500 2000
0040: 6900 6e00 2000 4600 4c00 2000 5300 7400
0050: 7500 6400 6900 6f00 2000 3200 3000 5400
0060: 4200 5000 4d00 0000 0004 0000 0000 0000
0070: 3100 3300 3000 fffa b06c 6310 000f f000
0080: 0069 0000 0008 0000 0d20 0000 0100 0001
0090: a400 0000 2000 0034 8000 0004 4c41 4d45
00a0: a400 0000 2000 0034 8000 0004 4c41 4d45
00a0: a400 0000 2000 0034 8000 0004 4c41 4d45
00b0: a400 0000 2000 0034 8000 0004 4c41 4d45
00c0: a400 0000 2000 0034 8000 0004 4c41 4d45
00d0: a400 0000 2000 0034 8000 0004 4c41 4d45
00e0: a400 0000 2000 0034 8000 0004 4c41 4d45
00f0: a400 0000 2000 0034 8000 0004 4c41 4d45
0100: 4944 3303 0000 0000 003c 5400 5900 4500
0110: 5200 0000 0005 0000 0000 0000 3200 3000
0120: 3200 3000 5400 4500 4e00 4300 0000 0015
0130: 0000 0000 0000 4c00 4100 4d00 4500 2000
0140: 6900 6e00 2000 4600 4c00 2000 5300 7400
0150: 7500 6400 6900 6f00 2000 3200 3000 5400
0160: 4200 5000 4d00 0000 0004 0000 0000 0000
0170: 3100 3300 3000 fffa b06c 6310 000f f000
0180: 0069 0000 0008 0000 0d20 0000 0100 0001
0190: a400 0000 2000 0034 8000 0004 4c41 4d45
01a0: a400 0000 2000 0034 8000 0004 4c41 4d45
01b0: a400 0000 2000 0034 8000 0004 4c41 4d45
01c0: a400 0000 2000 0034 8000 0004 4c41 4d45
01d0: a400 0000 2000 0034 8000 0004 4c41 4d45
01e0: a400 0000 2000 0034 8000 0004 4c41 4d45
01f0: a400 0000 2000 0034 8000 0004 4c41 55aa #boot sector
